_2717,5793_ 2497 5309 2557 5287 2593 5280 2631 5339 2693 5480 2738 5540 2765 5649 2797 5731 2808 5809 2841 6061 2851 6242 2843 6298 2798 6316 2745 6291 2724 6153 2699 6044 2653 5887 2622 5747 2612 5647 2543 5442 2505 5369 
_3027,5051_ 2735 5037 2817 4962 2906 4957 2986 4844 3086 4763 3204 4755 3306 4791 3312 4855 3255 4953 3196 5057 3145 5146 3150 5217 3117 5273 3007 5352 2884 5328 2810 5223 2753 5117 
_3158,5862_ 3072 5457 3169 5458 3232 5469 3276 5546 3326 5629 3372 5687 3415 5696 3455 5762 3482 5827 3445 5906 3364 5948 3287 5985 3268 6214 3264 6298 3154 6362 3043 6351 3022 6229 3005 6093 2998 5870 2972 5757 2965 5624 2993 5528 3026 5491 
_3496,4475_ 3595 4196 3545 4204 3584 4197 3494 4231 3470 4287 3435 4324 3384 4336 3328 4343 3297 4366 3313 4401 3310 4442 3279 4476 3233 4495 3210 4538 3198 4587 3198 4636 3231 4655 3298 4654 3336 4639 3367 4626 3403 4634 3419 4661 3439 4690 3456 4720 3465 4772 3493 4796 3526 4803 3583 4818 3614 4812 3641 4769 3651 4711 3639 4661 3649 4544 3656 4485 
_3497,5341_ 3354 5078 3394 4996 3463 4963 3547 4982 3589 4986 3587 5147 3605 5289 3640 5360 3696 5389 3772 5407 3825 5436 3857 5509 3834 5571 3758 5581 3688 5619 3614 5579 3530 5565 3445 5500 3369 5390 3329 5284 3325 5201 
_3739,6168_ 3549 6002 3638 5969 3726 5937 3788 5950 3846 5960 3873 5997 3890 6054 3908 6090 3933 6118 3994 6134 4078 6148 4165 6175 4190 6222 4199 6256 4197 6307 4167 6338 4111 6359 4031 6366 3944 6367 3844 6358 3773 6355 3671 6334 3558 6324 3498 6306 3427 6282 3379 6216 3384 6160 3399 6098 3443 6034 3478 6020 
_3787,4417_ 3597 4196 3690 4188 3762 4214 3872 4282 3970 4363 4055 4448 4068 4531 4060 4630 4018 4684 3998 4707 3931 4661 3863 4639 3802 4572 3764 4531 3726 4486 3661 4479 
_3986,5024_ 4227 4869 4155 4853 4085 4871 4004 4850 3942 4850 3912 4884 3843 4928 3780 4954 3741 5001 3710 5040 3692 5081 3707 5117 3733 5175 3774 5203 3825 5237 3863 5251 3901 5233 3938 5207 3989 5168 4032 5125 4077 5104 4115 5085 
_4158,5730_ 4215 5946 4121 5944 4033 5899 3984 5834 3948 5761 3972 5658 4017 5587 4066 5550 4128 5572 4193 5581 4282 5573 4357 5573 4450 5553 4359 5695 4318 5738 4307 5772 4293 5803 4274 5864 4254 5899 
_4346,5083_ 4234 4870 4296 4866 4346 4840 4417 4865 4440 4922 4459 4997 4481 5071 4495 5120 4464 5194 4427 5249 4387 5317 4349 5366 4304 5394 4254 5383 4190 5377 4132 5364 4109 5334 4149 5289 4192 5233 4209 5176 4175 5131 4123 5086 
_4511,6215_ 4271 6151 4337 6102 4390 6103 4436 6108 4490 6111 4556 6074 4623 6037 4659 6044 4696 6107 4730 6166 4749 6220 4770 6293 4710 6317 4623 6322 4534 6324 4415 6324 4322 6329 4279 6271 4268 6210 
_4642,5648_ 4354 5703 4446 5709 4473 5745 4505 5798 4573 5826 4670 5828 4772 5803 4858 5776 4905 5769 4932 5638 4827 5593 4763 5557 4729 5521 4672 5472 4603 5468 4562 5494 4516 5537 4451 5553 
_5064,5744_ 4934 5637 5051 5677 5144 5701 5218 5729 5264 5751 5234 5807 5197 5827 5130 5828 5041 5810 4958 5791 4908 5769 
_5161,6174_ 5233 6318 5086 6314 5005 6323 4929 6256 4877 6187 4891 6108 4859 6032 4809 5999 4819 5976 4867 5977 4939 5970 4988 5950 5061 5982 5133 6010 5200 6050 5265 6047 5385 6050 5457 6089 5481 6144 5483 6216 5425 6275 5337 6320 
_5712,5798_ 5617 5924 5566 5817 5520 5749 5475 5689 5447 5617 5456 5589 5489 5566 5561 5558 5669 5559 5721 5582 5759 5619 5839 5678 5873 5700 5907 5758 5957 5831 5954 5903 5937 5991 5881 6058 5800 6142 5729 6174 5651 6083 5635 6004 